471 0 -1 7 1999967 18 120 40 0
52
2 829 197 40 0 40 0 2
2 829 77 40 0 40 0 2
2 775 71 40 0 40 3 2
3 829 180 80 0 40 0 3
3 829 120 80 0 40 0 3
3 818 71 80 0 40 3 3
3 758 71 80 0 40 3 3
3 710 143 80 0 40 2 3
3 718 195 80 0 40 1 3
3 778 195 80 0 40 1 3
3 838 195 80 0 40 1 3
3 898 195 80 0 40 1 3
4 829 172 120 0 40 0 1
4 829 112 120 0 40 0 4
4 810 71 120 0 40 3 4
4 750 71 120 0 40 3 4
4 710 91 120 0 40 2 4
4 710 151 120 0 40 2 1
4 726 195 120 0 40 1 4
4 786 195 120 0 40 1 4
4 846 195 120 0 40 1 4
4 906 195 120 0 40 1 4
5 829 164 0 40 40 0 5
5 829 104 0 40 40 0 5
5 802 71 0 40 40 3 5
5 742 71 0 40 40 3 5
5 710 99 0 40 40 2 5
5 710 159 0 40 40 2 5
5 734 195 0 40 40 1 5
5 794 195 0 40 40 1 5
5 854 195 0 40 40 1 5
5 914 195 0 40 40 1 5
6 829 156 40 40 40 0 6
6 829 96 40 40 40 0 6
6 794 71 40 40 40 3 6
6 734 71 40 40 40 3 6
6 710 107 40 40 40 2 3
6 710 167 40 40 40 2 6
6 742 195 40 40 40 1 6
6 802 195 40 40 40 1 6
6 862 195 40 40 40 1 6
6 920 193 40 40 40 0 6
7 829 148 80 40 40 0 7
7 829 88 80 40 40 0 7
7 786 71 80 40 40 3 7
7 726 71 80 40 40 3 7
7 710 115 80 40 40 2 7
7 710 175 80 40 40 2 7
7 750 195 80 40 40 1 7
7 810 195 80 40 40 1 7
7 870 195 80 40 40 1 7
7 920 185 80 40 40 0 7

3
1 744 363 139 3 200 140 0 24
1 752 273 139 3 200 140 0 45
1 605 485 0 3 200 140 -1 105

2
1 2 3 24 0 745 359
1 2 3 44 0 754 270
