873 0 -1 4 2000000 0 0 40 0
40
1 132 430 0 0 40 0 1
1 132 370 0 0 40 0 1
1 132 310 0 0 40 0 1
1 142 260 0 0 40 1 1
1 202 260 0 0 40 1 1
1 262 260 0 0 40 1 1
1 322 260 0 0 40 1 1
1 382 260 0 0 40 1 1
1 442 260 0 0 40 1 1
1 474 232 0 0 40 0 1
2 245 342 40 0 40 2 2
2 275 372 40 0 40 1 2
2 335 372 40 0 40 1 2
2 395 372 40 0 40 1 2
2 455 372 40 0 40 1 2
2 515 372 40 0 40 1 2
2 575 372 40 0 40 1 2
2 586 323 40 0 40 0 2
2 586 263 40 0 40 0 2
2 586 203 40 0 40 0 2
3 419 537 80 0 40 1 3
3 479 537 80 0 40 1 3
3 539 537 80 0 40 1 3
3 599 537 80 0 40 1 3
3 659 537 80 0 40 1 3
3 719 537 80 0 40 1 3
3 779 537 80 0 40 1 3
3 829 527 80 0 40 0 3
3 829 467 80 0 40 0 3
3 829 407 80 0 40 0 3
4 792 195 120 0 40 1 4
4 852 195 120 0 40 1 4
4 912 195 120 0 40 1 4
4 920 143 120 0 40 0 4
4 920 83 120 0 40 0 4
4 920 23 120 0 40 0 4
4 920 -37 120 0 40 0 4
4 920 -97 120 0 40 0 4
4 920 -157 120 0 40 0 4
4 920 -217 120 0 40 0 4

0

0
